1305031452.79172 0.002460 -0.002171 0.004656 -0.000305 -0.001060 0.000138 0.999999
1305031453.059754 0.019380 0.032908 -0.002896 0.013584 0.060050 0.049773 0.996861
1305031453.223689 0.011581 0.059090 -0.020901 0.025431 0.129922 0.051247 0.989872
1305031453.459685 0.003093 0.096833 -0.066327 0.046563 0.192733 0.106843 0.974305
1305031453.827773 -0.093105 0.169011 -0.164683 0.116978 0.181276 0.095803 0.971739
1305031453.959641 -0.129341 0.186294 -0.179987 0.115054 0.115314 0.068573 0.984258
1305031454.127701 -0.182026 0.186283 -0.169867 0.114138 0.058064 0.005426 0.991752
1305031454.259627 -0.212702 0.186657 -0.165302 0.113459 -0.003838 -0.057615 0.991863
1305031454.427465 -0.254362 0.192511 -0.157634 0.113755 -0.050057 -0.130750 0.983595
1305031454.62758 -0.276126 0.223673 -0.153130 0.103346 -0.103852 -0.224431 0.963413
1305031454.82757 -0.253854 0.257827 -0.152021 0.077308 -0.164425 -0.221423 0.958102
1305031455.427642 -0.379258 0.367790 -0.166611 0.026205 -0.076129 -0.099767 0.991748
1305031456.391619 -0.731412 0.258164 -0.227008 0.004827 0.104191 -0.022452 0.994292
1305031457.091655 -0.907662 0.258652 -0.024280 -0.039856 0.175286 0.118441 0.976554
1305031457.927633 -1.205734 0.089695 -0.047987 0.019777 0.332961 0.196675 0.921989
1305031458.327628 -1.300983 -0.002077 0.081951 0.049114 0.354939 0.208591 0.909998
1305031458.559628 -1.304933 -0.009834 0.182358 0.137693 0.390264 0.202222 0.887604
1305031458.827564 -1.276041 0.026657 0.313300 0.142489 0.331020 0.153170 0.920142
1305031459.127618 -1.315857 -0.051019 0.415142 0.186602 0.312000 0.179367 0.914146
1305031459.227607 -1.330941 -0.057116 0.449533 0.214555 0.260327 0.191637 0.921668
1305031459.391667 -1.351082 -0.030378 0.508749 0.228316 0.330414 0.272805 0.874229
1305031459.459679 -1.364297 -0.037250 0.528391 0.220542 0.390657 0.349705 0.822469
1305031459.559647 -1.397867 -0.039176 0.561320 0.211513 0.434602 0.434011 0.760275
1305031460.091717 -1.472315 -0.235513 0.695074 0.181101 0.469183 0.489923 0.712071
1305031461.227607 -1.281928 -0.518841 0.820267 0.095314 0.583320 0.549430 0.590576
1305031461.891723 -1.260610 -0.453138 0.795995 0.072340 0.607364 0.562906 0.555889
1305031462.127739 -1.298497 -0.384269 0.799683 0.069247 0.581089 0.621808 0.520476
1305031462.391695 -1.337371 -0.348789 0.829217 0.021507 0.560032 0.627183 0.540873
1305031462.727652 -1.409136 -0.319510 0.837149 -0.026901 0.508921 0.584347 0.631517
1305031463.495629 -1.549844 -0.125297 0.624653 0.011135 0.457192 0.461574 0.760133
1305031463.727588 -1.536031 -0.081887 0.517396 0.020106 0.455755 0.449485 0.768015
1305031464.027703 -1.522066 -0.080726 0.353190 0.021413 0.462116 0.377812 0.802027
1305031464.295667 -1.530488 -0.104917 0.242513 0.060124 0.424505 0.331250 0.840508
1305031464.659749 -1.465930 -0.098200 0.020577 0.069996 0.403821 0.235680 0.881183
1305031464.827759 -1.475178 -0.116629 -0.004723 0.102752 0.420016 0.137279 0.891169
1305031465.059749 -1.383404 -0.087581 -0.027201 0.100732 0.358443 0.002385 0.928098
1305031465.195564 -1.316034 -0.032047 -0.005531 0.050183 0.302999 -0.033208 0.951089
1305031465.359948 -1.241253 0.011653 0.015177 0.025995 0.243400 0.002246 0.969575
1305031465.927495 -0.947822 0.315147 -0.117624 0.160861 0.107985 0.113299 0.974488
1305031466.195833 -0.896017 0.482330 -0.180391 0.169314 0.102595 0.112455 0.973736
1305031466.527538 -0.792143 0.578924 -0.301342 0.140925 0.097254 0.062813 0.983227
1305031467.259694 -0.513784 0.709978 -0.452250 0.134106 0.010826 -0.044393 0.989913
1305031468.159864 -0.218040 0.624804 -0.403556 0.177683 -0.115872 -0.119086 0.969959
1305031468.795796 -0.136470 0.306323 -0.356078 0.153098 -0.133752 -0.147561 0.967935
1305031469.227754 -0.159910 0.210107 -0.302675 0.045267 -0.076757 -0.199060 0.975927
1305031469.559645 -0.162009 0.220635 -0.190284 0.005791 -0.025628 -0.230166 0.972797
1305031469.795621 -0.168631 0.273621 -0.103223 -0.036201 -0.009277 -0.213426 0.976244
1305031469.995551 -0.211540 0.336591 -0.048716 -0.057658 -0.017324 -0.194672 0.979019
1305031470.196092 -0.279592 0.400042 -0.025737 -0.070388 -0.016149 -0.180740 0.980876
1305031470.359624 -0.337364 0.443466 -0.014465 -0.094952 -0.016496 -0.159590 0.982468
1305031470.559677 -0.407956 0.477948 -0.007208 -0.100642 -0.022213 -0.152359 0.982937
1305031470.927684 -0.509466 0.498771 0.004318 -0.093714 -0.012324 -0.106408 0.989820
1305031471.159649 -0.556795 0.481635 -0.004967 -0.041527 -0.009176 -0.078741 0.995988
1305031472.827627 -0.660938 0.451588 -0.019080 -0.013103 0.119804 0.072550 0.990056
