0.0 -0.001744 0.001968 0.000629 0.000962 0.000511 0.001024 0.999999
29.0 0.012538 -0.028066 0.038619 0.028006 -0.023382 -0.004431 0.999324
70.0 -0.072701 0.016043 0.038465 0.054748 -0.063371 -0.011699 0.996419
158.0 -0.038180 -0.079170 0.091623 0.067210 -0.116314 -0.020859 0.990716
191.0 -0.067151 -0.119238 0.153384 0.044409 -0.186003 -0.038380 0.980794
216.0 -0.124007 -0.130845 0.209622 -0.013652 -0.194740 -0.052451 0.979356
234.0 -0.186209 -0.143106 0.187132 -0.076124 -0.162749 -0.055081 0.982183
258.0 -0.247506 -0.123480 0.101737 -0.108370 -0.124873 -0.046733 0.985129
283.0 -0.235414 -0.091563 0.030728 -0.054437 -0.180960 -0.056990 0.980328
297.0 -0.186143 -0.096461 0.033948 -0.019144 -0.251320 -0.069572 0.965211
357.0 -0.135282 -0.006899 -0.105961 -0.020245 -0.277385 -0.077178 0.957440
386.0 -0.076214 0.063931 -0.053081 -0.001975 -0.353517 -0.091268 0.930963
405.0 -0.086463 0.067153 -0.008520 0.022376 -0.404882 -0.093225 0.909329
461.0 -0.138272 0.140479 -0.216823 0.011029 -0.366592 -0.089319 0.926019
482.0 -0.140696 0.151528 -0.262974 -0.023543 -0.360289 -0.102251 0.926921
543.0 -0.119886 -0.003113 -0.362366 -0.083938 -0.326935 -0.115917 0.934147
560.0 -0.177167 0.014724 -0.374717 -0.063182 -0.247640 -0.080972 0.963393
578.0 -0.247436 0.043033 -0.369080 -0.040947 -0.157835 -0.047191 0.985487
604.0 -0.323702 0.052559 -0.316837 -0.091658 -0.108806 -0.038461 0.989081
624.0 -0.351817 0.028404 -0.254951 -0.156609 -0.078178 -0.033232 0.984001
641.0 -0.353813 -0.010644 -0.201284 -0.170380 -0.013951 -0.005476 0.985264
661.0 -0.338162 -0.065701 -0.144949 -0.165574 -0.001058 0.000182 0.986197
676.0 -0.329173 -0.092515 -0.104646 -0.157242 -0.057759 -0.024610 0.985562
689.0 -0.333729 -0.090901 -0.068542 -0.135566 -0.114382 -0.046522 0.983043
719.0 -0.342481 -0.008396 -0.027432 -0.042425 -0.101760 -0.030167 0.993446
732.0 -0.309803 0.024220 -0.046668 -0.015473 -0.048206 -0.012290 0.998642
742.0 -0.286749 0.037581 -0.051490 -0.016314 0.010907 0.004047 0.999799
750.0 -0.277326 0.038758 -0.039994 -0.032033 0.073388 0.022559 0.996534
757.0 -0.275622 0.034068 -0.020655 -0.053665 0.135639 0.044025 0.988324
764.0 -0.279361 0.024956 0.004457 -0.078763 0.198098 0.069612 0.974529
772.0 -0.289592 0.010422 0.037391 -0.107150 0.259296 0.100051 0.954607
799.0 -0.354324 -0.046098 0.136760 -0.171447 0.331457 0.156858 0.914406
816.0 -0.382176 -0.049214 0.175699 -0.129964 0.393148 0.166832 0.894825
824.0 -0.380022 -0.029515 0.187315 -0.083347 0.435079 0.159453 0.882233
831.0 -0.372233 -0.004828 0.193459 -0.036409 0.473334 0.145816 0.867967
838.0 -0.369934 0.011747 0.194594 -0.001699 0.513115 0.135877 0.847495
848.0 -0.386973 0.006275 0.188728 -0.000045 0.565507 0.148383 0.811286
854.0 -0.404133 -0.009621 0.184186 -0.021808 0.587657 0.171443 0.790437
862.0 -0.428215 -0.039386 0.180852 -0.052805 0.600610 0.202120 0.771769
882.0 -0.455343 -0.119115 0.209858 -0.070405 0.582230 0.210274 0.782199
897.0 -0.451707 -0.161580 0.252434 -0.049375 0.622411 0.207569 0.753048
903.0 -0.453019 -0.172996 0.265798 -0.038244 0.650282 0.207676 0.729754
909.0 -0.459286 -0.179942 0.273894 -0.028480 0.672836 0.205759 0.710031
946.0 -0.558025 -0.164123 0.270830 0.000669 0.640432 0.167289 0.749573
961.0 -0.562446 -0.159526 0.321031 0.028717 0.639459 0.141732 0.755102
978.0 -0.567847 -0.161617 0.399374 0.038167 0.640429 0.133542 0.755354
1002.0 -0.591095 -0.165497 0.488194 0.009318 0.644513 0.160306 0.747542
1023.0 -0.528269 -0.141591 0.482740 -0.040415 0.642412 0.206272 0.736971
1031.0 -0.503624 -0.139778 0.472538 -0.066890 0.648180 0.235246 0.721143
1037.0 -0.497269 -0.148098 0.469325 -0.086407 0.659964 0.262409 0.698658
1046.0 -0.506095 -0.174795 0.472974 -0.107328 0.687145 0.305593 0.650327
1061.0 -0.528499 -0.229346 0.489859 -0.116514 0.733407 0.361753 0.563625
1089.0 -0.451089 -0.255444 0.507831 -0.108493 0.779063 0.408835 0.462757
1110.0 -0.370599 -0.215016 0.506201 -0.105125 0.775491 0.390971 0.484463
1126.0 -0.358805 -0.166439 0.501714 -0.092689 0.763484 0.344996 0.538033
1177.0 -0.328401 -0.064789 0.432264 -0.061774 0.790592 0.306853 0.526299
1196.0 -0.364267 -0.038184 0.413353 -0.044586 0.817777 0.291569 0.494206
1215.0 -0.375104 -0.044506 0.374611 -0.034334 0.826485 0.276514 0.489167
1230.0 -0.357665 -0.086678 0.319969 -0.033395 0.815579 0.269615 0.510905
1243.0 -0.328325 -0.130724 0.277711 -0.032272 0.802949 0.261744 0.534530
1257.0 -0.286199 -0.171343 0.254943 -0.030337 0.796927 0.255680 0.546456
1284.0 -0.189831 -0.213984 0.271677 -0.043855 0.836328 0.305903 0.452830
1294.0 -0.154577 -0.216686 0.291655 -0.047333 0.855685 0.333906 0.392518
1304.0 -0.122397 -0.212121 0.315331 -0.047179 0.870107 0.357308 0.336184
1316.0 -0.090817 -0.196594 0.345418 -0.042890 0.883536 0.375583 0.276519
1332.0 -0.064350 -0.158843 0.382849 -0.030460 0.904509 0.369976 0.209887
1350.0 -0.058551 -0.102348 0.417683 -0.009574 0.943217 0.292599 0.156957
1361.0 -0.066111 -0.069477 0.437702 -0.000234 0.964054 0.233855 0.126139
1372.0 -0.081051 -0.045014 0.457711 0.001993 0.975328 0.203029 0.086666
1382.0 -0.100404 -0.033632 0.477147 0.000774 0.979864 0.192889 0.051584
1396.0 -0.133819 -0.035261 0.505367 -0.000546 0.982546 0.184338 0.024953
1434.0 -0.234103 -0.122000 0.565978 -0.001270 0.981982 0.188101 0.018105
1456.0 -0.277433 -0.208841 0.574421 -0.002867 0.971849 0.235144 -0.014430
1476.0 -0.302692 -0.260339 0.565882 -0.000620 0.955043 0.292289 -0.049606
1500.0 -0.329819 -0.191987 0.569397 -0.000381 0.946972 0.319719 -0.031986
1513.0 -0.334380 -0.132724 0.583537 -0.003224 0.947275 0.320308 0.007896
1525.0 -0.325312 -0.092600 0.607795 -0.005930 0.946897 0.318002 0.047188
1538.0 -0.301619 -0.080908 0.644774 -0.008105 0.944610 0.319391 0.075069
1588.0 -0.383448 -0.078111 0.684561 -0.006035 0.949769 0.267946 0.161575
1611.0 -0.488532 -0.077396 0.647937 -0.000895 0.953738 0.238119 0.183525
1628.0 -0.570128 -0.077752 0.606178 0.002113 0.955548 0.223630 0.192130
1643.0 -0.634619 -0.079689 0.562654 0.003239 0.956290 0.218251 0.194592
1657.0 -0.681506 -0.082618 0.518043 0.002661 0.956084 0.220585 0.192971
1671.0 -0.709203 -0.086728 0.471980 0.000496 0.954830 0.230847 0.187106
1685.0 -0.711787 -0.093015 0.426165 -0.002943 0.952459 0.248790 0.175832
1719.0 -0.668651 -0.104840 0.315970 -0.011075 0.941123 0.299048 0.157273
1759.0 -0.613451 -0.102371 0.188946 -0.013443 0.934559 0.301120 0.189065
1780.0 -0.582568 -0.095630 0.124329 -0.010735 0.932615 0.278971 0.228667
1797.0 -0.555536 -0.088379 0.074543 -0.008312 0.925879 0.261940 0.272153
1814.0 -0.526926 -0.079088 0.027255 -0.009938 0.909572 0.258734 0.325019
1830.0 -0.497960 -0.068991 -0.015322 -0.021318 0.882533 0.278618 0.378224
1862.0 -0.431262 -0.047212 -0.088967 -0.041024 0.846224 0.302556 0.436671
1877.0 -0.396125 -0.037276 -0.118395 -0.033227 0.835327 0.276649 0.473909
1889.0 -0.364751 -0.027907 -0.139565 -0.020018 0.820894 0.245092 0.515425
1903.0 -0.325913 -0.018745 -0.160368 -0.009152 0.801628 0.219901 0.555835
1943.0 -0.197304 0.006220 -0.201121 -0.060208 0.758857 0.282116 0.583884
1962.0 -0.125639 0.015600 -0.206426 -0.106793 0.744856 0.353064 0.555995
1976.0 -0.067380 0.021191 -0.204766 -0.140046 0.736389 0.421400 0.510431
1986.0 -0.023161 0.024249 -0.200927 -0.156313 0.732852 0.484129 0.451789
1993.0 0.007766 0.025070 -0.196526 -0.154187 0.733946 0.538523 0.384113
1998.0 0.030585 0.025585 -0.193681 -0.136856 0.737624 0.584238 0.309593
