0.0 0.000661 -0.001012 0.006108 0.000222 -0.000399 -0.000600 1.000000
11.0 0.006170 -0.003711 0.161163 -0.001858 0.035326 -0.004621 0.999363
22.0 0.021808 -0.004627 0.274680 -0.001275 0.069289 -0.002497 0.997593
66.0 0.043074 -0.007070 0.380199 0.008453 0.104071 -0.004576 0.994523
72.0 0.060178 -0.008789 0.426328 0.006701 0.151946 -0.004552 0.988356
76.0 0.078386 -0.009940 0.461702 0.006830 0.205094 -0.005169 0.978705
78.0 0.089519 -0.010644 0.479398 0.007175 0.235618 -0.006853 0.971795
80.0 0.102183 -0.011226 0.497814 0.008972 0.266850 -0.007126 0.963670
82.0 0.115044 -0.012402 0.515690 0.015460 0.300703 -0.007893 0.953560
84.0 0.129963 -0.013469 0.533729 0.018987 0.335692 -0.008375 0.941743
86.0 0.146161 -0.015029 0.550536 0.020123 0.370694 -0.014825 0.928419
88.0 0.165238 -0.016150 0.567707 0.016042 0.405006 -0.019145 0.913973
90.0 0.186150 -0.017845 0.582580 0.011136 0.437626 -0.017297 0.898922
92.0 0.208041 -0.019418 0.595197 0.013733 0.470515 -0.014992 0.882158
94.0 0.232304 -0.020868 0.606747 0.012887 0.502957 -0.015621 0.864074
96.0 0.257632 -0.022474 0.618014 0.011751 0.533260 -0.021560 0.845595
98.0 0.284231 -0.023722 0.627125 0.012413 0.562992 -0.024359 0.826010
100.0 0.311898 -0.024834 0.634623 0.011236 0.592669 -0.024333 0.805000
102.0 0.339882 -0.026578 0.640321 0.008642 0.621839 -0.022828 0.782765
104.0 0.367205 -0.028453 0.645039 0.008028 0.650413 -0.025617 0.759106
107.0 0.409222 -0.032029 0.646448 0.008493 0.687876 -0.031035 0.725115
110.0 0.456706 -0.035067 0.643730 0.010190 0.715153 -0.028737 0.698303
113.0 0.505873 -0.038210 0.638901 0.007782 0.737055 -0.027941 0.675210
118.0 0.590096 -0.043486 0.624324 0.008990 0.765396 -0.030420 0.642777
134.0 0.879710 -0.065964 0.543314 0.010275 0.799917 -0.027601 0.599387
152.0 1.236849 -0.094725 0.419074 0.014709 0.832037 -0.025785 0.553926
166.0 1.516818 -0.116221 0.289360 0.005163 0.858817 -0.022365 0.511768
180.0 1.779484 -0.136728 0.138864 0.006964 0.883219 -0.024464 0.468271
195.0 2.057201 -0.157882 -0.066565 0.004372 0.904294 -0.022727 0.426283
