0.0 -0.001609 -0.001587 0.000120 -0.000522 0.000731 -0.000156 1.000000
5.0 -0.001521 -0.003089 0.091406 0.006940 -0.002444 0.000499 0.999973
8.0 -0.002562 -0.004327 0.148985 0.012602 -0.005837 0.000399 0.999903
11.0 -0.006243 -0.005173 0.209706 0.013726 -0.022620 0.003388 0.999644
13.0 -0.011901 -0.006303 0.250034 0.013831 -0.040933 -0.001682 0.999065
15.0 -0.019597 -0.007692 0.289399 0.013587 -0.062064 -0.007811 0.997949
17.0 -0.028404 -0.009028 0.328733 0.014318 -0.084560 -0.010937 0.996255
19.0 -0.039134 -0.010443 0.368108 0.012721 -0.107182 -0.014426 0.994053
21.0 -0.052030 -0.011680 0.406881 0.014114 -0.129519 -0.021530 0.991243
23.0 -0.065922 -0.012771 0.446316 0.011383 -0.151922 -0.021833 0.988086
25.0 -0.080969 -0.013593 0.485221 0.009133 -0.173891 -0.019100 0.984537
27.0 -0.099248 -0.014598 0.523393 0.010353 -0.195134 -0.023280 0.980446
29.0 -0.118745 -0.015410 0.561438 0.012199 -0.217029 -0.022520 0.975829
31.0 -0.139353 -0.015672 0.599614 0.009541 -0.236799 -0.020401 0.971298
33.0 -0.163386 -0.015872 0.638186 0.000241 -0.255159 -0.026769 0.966528
35.0 -0.187861 -0.015947 0.675353 -0.002678 -0.272774 -0.027733 0.961675
38.0 -0.226266 -0.015619 0.728617 0.001682 -0.292991 -0.027781 0.955710
45.0 -0.318856 -0.014582 0.853791 0.002055 -0.310504 -0.029227 0.950120
51.0 -0.396126 -0.013868 0.957438 0.003422 -0.313610 -0.031463 0.949024
59.0 -0.504914 -0.012700 1.103198 0.005776 -0.313363 -0.033972 0.949008
69.0 -0.646728 -0.012445 1.294911 0.007298 -0.313009 -0.033171 0.949143
78.0 -0.780542 -0.011821 1.475298 0.004897 -0.311851 -0.036399 0.949421
83.0 -0.855504 -0.010821 1.576793 0.000615 -0.311977 -0.037414 0.949352
95.0 -1.030501 -0.004373 1.812731 -0.005529 -0.314773 -0.038307 0.948378
103.0 -1.144230 0.000319 1.963602 -0.007305 -0.317821 -0.037418 0.947384
108.0 -1.214208 0.003492 2.056683 -0.010292 -0.319771 -0.035885 0.946759
113.0 -1.281858 0.006503 2.145438 -0.010178 -0.322277 -0.031848 0.946055
119.0 -1.358129 0.009573 2.245728 -0.012739 -0.323035 -0.029877 0.945830
129.0 -1.469414 0.014841 2.393067 -0.011837 -0.318715 -0.024793 0.947452
137.0 -1.543839 0.018586 2.497212 -0.014937 -0.313475 -0.018175 0.949305
144.0 -1.599684 0.028740 2.582273 -0.015028 -0.299087 -0.012949 0.954020
150.0 -1.637688 0.031043 2.643313 -0.014300 -0.278615 -0.001554 0.960295
156.0 -1.669216 0.033397 2.699834 -0.014908 -0.258017 0.007329 0.965998
166.0 -1.708539 0.033784 2.777278 -0.011605 -0.238706 0.018392 0.970848
184.0 -1.736044 0.032717 2.835749 0.001474 -0.227476 0.027782 0.973386
