1305031910.765238 -0.001186 -0.003761 0.003244 -0.000725 0.002307 -0.001267 0.999996
1305031911.03505 -0.051637 -0.016492 0.024558 0.012632 -0.049791 -0.059691 0.996894
1305031911.165177 -0.072593 -0.022587 0.034997 0.017287 -0.113456 -0.098577 0.988490
1305031911.365235 -0.089497 -0.028463 0.051720 0.029356 -0.180916 -0.138590 0.973242
1305031911.565335 -0.122334 -0.032466 0.063268 0.045683 -0.230100 -0.144132 0.961350
1305031911.797297 -0.127314 -0.021449 0.080219 0.060617 -0.299865 -0.190800 0.932739
1305031911.997252 -0.143522 -0.013732 0.089060 0.025002 -0.366471 -0.225539 0.902334
1305031912.29725 -0.148565 -0.045617 0.109594 0.016682 -0.424942 -0.294214 0.855911
1305031912.733125 -0.118625 -0.039927 0.117629 0.025445 -0.499914 -0.336521 0.797617
1305031913.197113 -0.098335 -0.049789 0.132005 0.050509 -0.450988 -0.298209 0.839720
1305031913.333122 -0.086881 -0.047887 0.139235 0.052125 -0.402241 -0.235333 0.883235
1305031913.497227 -0.062723 -0.045751 0.143970 0.063387 -0.313094 -0.171849 0.931892
1305031913.597139 -0.054596 -0.044355 0.135137 0.066072 -0.238160 -0.130404 0.960161
1305031913.697243 -0.038607 -0.033535 0.120110 0.061616 -0.167644 -0.085557 0.980193
1305031913.797106 -0.025757 -0.028306 0.104221 0.039561 -0.101004 -0.044415 0.993106
1305031913.897116 -0.009880 -0.025616 0.091895 0.022316 -0.047304 0.001717 0.998630
1305031914.033441 0.020590 -0.017698 0.072195 0.016893 0.003619 0.057461 0.998198
1305031914.165013 0.063100 -0.001493 0.049449 0.017556 0.046262 0.099469 0.993810
1305031914.297165 0.114438 0.015254 0.019308 0.037231 0.089643 0.113938 0.988735
1305031914.497127 0.195282 0.053147 -0.026359 0.014635 0.090539 0.105907 0.990137
1305031914.697129 0.275647 0.084202 -0.065048 -0.011450 0.103092 0.085774 0.990900
1305031915.901234 0.733327 0.095941 -0.148230 0.003902 -0.160877 -0.151257 0.975308
1305031916.165155 0.824987 0.059381 -0.133296 0.062372 -0.241400 -0.202952 0.946914
1305031916.333426 0.891621 0.031378 -0.123331 0.120442 -0.307870 -0.225670 0.916396
1305031916.501025 0.940618 0.014532 -0.136965 0.199371 -0.318740 -0.219988 0.900145
1305031916.665139 0.995427 -0.020695 -0.116622 0.242164 -0.383873 -0.206642 0.866774
1305031916.865085 1.029329 -0.063358 -0.072872 0.282862 -0.438587 -0.189571 0.831681
1305031917.033155 1.045652 -0.109366 -0.044331 0.318328 -0.482319 -0.166154 0.799017
1305031917.165045 1.070813 -0.136865 -0.038648 0.381234 -0.498411 -0.152385 0.763561
1305031917.733003 1.185391 -0.168757 0.095096 0.305667 -0.530911 -0.197853 0.765216
1305031917.865107 1.203058 -0.176603 0.148200 0.233807 -0.543041 -0.229958 0.773021
1305031918.001098 1.227015 -0.198123 0.178855 0.163269 -0.535670 -0.272883 0.782263
1305031918.165017 1.250197 -0.232504 0.224326 0.101700 -0.537620 -0.335010 0.767066
1305031918.333165 1.291516 -0.263072 0.292453 0.061233 -0.520243 -0.383883 0.760415
1305031918.465089 1.304175 -0.292822 0.350645 0.028000 -0.491206 -0.423702 0.760533
1305031918.601029 1.312336 -0.326924 0.404442 0.010692 -0.464759 -0.444626 0.765632
1305031919.065147 1.335101 -0.452368 0.536694 0.051265 -0.504408 -0.555011 0.659475
1305031919.433256 1.342915 -0.545728 0.654837 -0.049428 0.601352 0.612821 -0.510277
1305031920.001054 1.300299 -0.704159 0.749386 -0.018343 0.712369 0.558490 -0.424597
1305031920.401115 1.177685 -0.737453 0.805289 -0.017008 0.729120 0.510770 -0.455203
1305031920.533105 1.149516 -0.736383 0.804829 -0.045115 0.714744 0.483160 -0.503649
1305031920.701147 1.109725 -0.771626 0.817363 -0.065280 0.699622 0.449600 -0.551477
1305031920.801031 1.096302 -0.779611 0.815716 -0.092243 0.672433 0.420709 -0.601938
1305031920.933077 1.079943 -0.799367 0.817757 0.112386 -0.645061 -0.387916 0.648681
1305031921.101105 1.050551 -0.822553 0.822458 0.126661 -0.596973 -0.366205 0.702478
1305031921.301188 1.010255 -0.857983 0.826463 0.140544 -0.540845 -0.367788 0.743280
1305031921.533099 0.981767 -0.898790 0.843846 0.138757 -0.499612 -0.331756 0.788081
1305031921.701068 0.967328 -0.920945 0.862616 0.153518 -0.434041 -0.295338 0.837148
1305031921.833122 0.950440 -0.927761 0.867186 0.154727 -0.365498 -0.273601 0.876135
1305031922.065166 0.916999 -0.946169 0.885893 0.142128 -0.292440 -0.243705 0.913721
1305031922.301137 0.893592 -0.945105 0.892102 0.131122 -0.223342 -0.215936 0.941433
1305031922.501312 0.868343 -0.934805 0.899472 0.111085 -0.160120 -0.206769 0.958785
1305031922.733235 0.852400 -0.929125 0.914502 0.096017 -0.097670 -0.194646 0.971264
1305031923.033184 0.871191 -0.926813 0.917309 0.112461 -0.041548 -0.149172 0.981516
1305031923.333169 0.902444 -0.922286 0.917063 0.125151 0.009940 -0.106340 0.986372
1305031923.565198 0.944444 -0.916107 0.905745 0.129387 0.045211 -0.055510 0.989006
1305031923.901121 1.019169 -0.876105 0.841764 0.156118 0.056364 -0.033709 0.985553
1305031925.201117 1.206748 -0.637934 0.656782 0.201306 -0.054436 -0.078684 0.974844
1305031925.833148 1.306891 -0.503407 0.604796 0.186430 -0.031376 -0.069730 0.979488
1305031926.033156 1.352761 -0.472883 0.596202 0.141739 -0.014782 -0.042560 0.988878
1305031926.301054 1.407696 -0.424215 0.558669 0.124798 0.028573 -0.025221 0.991450
1305031926.569122 1.441624 -0.389720 0.498037 0.126428 0.102245 0.022358 0.986439
1305031926.801342 1.445579 -0.365289 0.459702 0.119303 0.180259 0.093156 0.971903
1305031926.933348 1.449254 -0.347010 0.449950 0.109907 0.250778 0.154639 0.949272
1305031927.070528 1.450222 -0.327153 0.437079 0.087600 0.319690 0.209379 0.919937
1305031927.20121 1.454051 -0.296264 0.420677 0.060095 0.359776 0.260507 0.893916
1305031927.333139 1.465891 -0.259975 0.421669 0.022494 0.372198 0.299195 0.878319
1305031927.501136 1.486877 -0.212871 0.409387 -0.010931 0.385364 0.336112 0.859304
1305031927.933465 1.547554 -0.117643 0.385754 -0.075433 0.360072 0.297132 0.881119
1305031928.269216 1.606410 -0.056652 0.330751 -0.095724 0.381520 0.307907 0.866298
1305031928.469232 1.630540 -0.039823 0.302202 -0.083358 0.432100 0.354154 0.825177
1305031928.633595 1.653921 -0.023382 0.267138 -0.040975 0.490003 0.394571 0.776229
1305031928.769202 1.653343 -0.029992 0.245618 -0.006546 0.544511 0.391036 0.741995
1305031928.901197 1.654087 -0.045906 0.217397 0.030662 0.588976 0.380422 0.712352
1305031929.001155 1.649423 -0.062779 0.198328 0.060353 0.627341 0.361393 0.687166
1305031929.101213 1.647508 -0.083551 0.176451 0.085550 0.668216 0.341828 0.655227
1305031929.201163 1.653932 -0.099391 0.159151 0.113909 0.705130 0.325855 0.619382
1305031929.333529 1.654197 -0.124896 0.136997 0.157332 0.746124 0.307783 0.569047
1305031929.501198 1.639082 -0.157253 0.125517 0.202612 0.773516 0.285144 0.528502
1305031929.634447 1.613724 -0.178796 0.119688 0.228022 0.790814 0.257245 0.506403
1305031929.869242 1.580499 -0.216668 0.127762 0.264015 0.802924 0.200956 0.495202
1305031930.301105 1.526804 -0.187889 0.088330 0.244817 0.826292 0.219565 0.457271
1305031930.43329 1.517330 -0.163403 0.077316 0.215028 0.839675 0.252605 0.430000
1305031930.569007 1.511513 -0.145799 0.074691 0.186790 0.838768 0.300805 0.413636
1305031930.733195 1.507497 -0.113845 0.086685 0.149075 0.821684 0.358762 0.417016
1305031930.900829 1.494949 -0.077946 0.093097 0.117472 0.802190 0.400382 0.427067
1305031931.068905 1.488881 -0.048930 0.105244 0.084569 0.783335 0.449408 0.421031
1305031931.200696 1.480414 -0.022448 0.106027 0.058183 0.768542 0.496205 0.399673
1305031931.300955 1.480785 -0.006712 0.106072 0.029935 0.762907 0.531959 0.366193
1305031931.432892 1.494924 0.005541 0.108380 0.007939 0.762967 0.569378 0.305983
1305031931.768911 1.549011 0.030552 0.118391 -0.000027 0.767623 0.605164 0.211028
1305031932.368837 1.655500 0.094186 0.106500 0.062425 0.743775 0.630660 0.212531
1305031932.568972 1.689305 0.105976 0.081360 0.080968 0.739849 0.610863 0.270025
1305031932.732848 1.720733 0.107621 0.057338 0.085265 0.735550 0.579558 0.340307
1305031932.901214 1.751152 0.104892 0.034248 0.098330 0.743150 0.534094 0.390899
1305031933.200949 1.784293 0.118523 0.011191 0.098483 0.778588 0.495105 0.372790
1305031933.500809 1.784870 0.130934 0.012258 0.098567 0.803859 0.504497 0.299297
1305031933.700931 1.765582 0.139375 0.015008 0.097699 0.819983 0.520531 0.217093
1305031933.900942 1.737693 0.141211 0.033738 0.088762 0.826019 0.540773 0.131829
1305031934.100917 1.705895 0.139691 0.059199 0.071942 0.818429 0.562941 0.089978
1305031934.300934 1.659948 0.128732 0.084557 0.057668 0.809236 0.582364 0.051603
1305031935.200951 1.384486 0.086531 0.047050 -0.007714 0.832885 0.518162 0.194298
1305031935.5369 1.301494 0.088840 -0.013043 0.039065 0.840089 0.519891 0.149789
1305031935.6691 1.269987 0.086103 -0.047259 0.045870 0.866567 0.485865 0.104367
1305031935.768974 1.243184 0.075612 -0.066356 0.019507 0.893492 0.445303 0.054752
1305031935.869025 1.224457 0.077418 -0.084699 0.001355 0.909673 0.415216 0.009485
1305031936.00082 1.202528 0.067766 -0.110870 -0.018236 0.924720 0.379749 -0.018752
1305031936.168897 1.185697 0.063347 -0.122961 -0.033125 0.937738 0.341312 -0.055283
1305031936.368927 1.152500 0.062921 -0.138095 -0.012755 0.948809 0.298694 -0.101888
1305031937.068765 0.972991 0.164277 -0.188139 0.056512 0.926591 0.362546 -0.082443
1305031937.236893 0.933248 0.204907 -0.193076 0.077000 0.901611 0.423046 -0.046920
1305031937.468824 0.896831 0.269996 -0.184325 0.096296 0.858397 0.503081 -0.028135
1305031937.636891 0.887225 0.315280 -0.164585 0.094982 0.819293 0.565039 -0.021628
1305031937.800834 0.852592 0.347312 -0.151998 0.090443 0.787222 0.609306 -0.029093
1305031937.96883 0.832456 0.375488 -0.144978 0.082142 0.760860 0.639601 -0.072496
1305031938.136885 0.805884 0.396777 -0.144735 0.075360 0.733428 0.662175 -0.133896
1305031938.3369 0.770157 0.417807 -0.134460 0.080720 0.698697 0.677861 -0.214036
1305031938.537028 0.727979 0.419367 -0.138629 0.059798 0.690576 0.666400 -0.274662
1305031938.668747 0.714335 0.404978 -0.136731 0.024558 0.708275 0.636402 -0.304526
1305031938.800781 0.706195 0.377844 -0.145571 -0.022501 0.733404 0.594482 -0.328942
1305031938.900976 0.701110 0.352112 -0.158634 -0.062303 0.750323 0.559371 -0.346752
1305031939.00103 0.685461 0.315572 -0.168605 -0.083064 0.767612 0.524777 -0.358443
1305031939.168815 0.684684 0.271503 -0.180966 -0.106090 0.794777 0.466962 -0.372855
1305031939.300842 0.681243 0.248792 -0.195849 -0.134849 0.817369 0.410371 -0.381208
1305031939.400848 0.688027 0.225152 -0.202539 -0.160846 0.836127 0.357139 -0.384020
1305031939.668867 0.694530 0.158567 -0.199917 -0.173237 0.859222 0.292551 -0.382283
1305031939.903633 0.681275 0.116325 -0.179124 -0.158813 0.838727 0.286332 -0.435120
1305031940.037088 0.666892 0.112154 -0.165461 -0.148884 0.803589 0.307286 -0.487496
1305031940.168737 0.645508 0.130249 -0.169157 -0.167207 0.764818 0.307357 -0.540951
1305031940.336732 0.620043 0.144009 -0.171074 -0.156893 0.726101 0.294382 -0.601249
1305031940.436756 0.603651 0.160555 -0.167635 -0.139125 0.682784 0.287745 -0.657003
1305031940.568758 0.591131 0.186582 -0.157386 0.121493 -0.640691 -0.275557 0.706274
1305031940.736947 0.565113 0.203210 -0.154737 0.125902 -0.593129 -0.272842 0.746930
1305031940.903305 0.531475 0.217190 -0.142760 0.119607 -0.551054 -0.289869 0.773311
1305031941.171144 0.453120 0.246631 -0.121917 0.105346 -0.490183 -0.322143 0.803024
1305031941.53722 0.338420 0.258036 -0.093996 0.053663 -0.416665 -0.242302 0.874529
1305031941.836848 0.255408 0.272567 -0.078628 0.051064 -0.323975 -0.218884 0.918979
1305031942.639942 0.065120 0.364522 -0.044089 0.046518 -0.287470 -0.234425 0.927492
1305031943.404245 -0.024134 0.263397 0.050817 0.035062 -0.340705 -0.265415 0.901247
1305031943.638026 -0.025808 0.199748 0.054222 0.064069 -0.347590 -0.252281 0.900795
1305031943.868873 -0.037491 0.138210 0.048389 0.109556 -0.358320 -0.254029 0.891669
1305031944.070886 -0.045312 0.097203 0.038096 0.164832 -0.366283 -0.231698 0.885993
1305031944.306934 -0.028488 0.092081 0.023830 0.203614 -0.341584 -0.181643 0.899370
1305031944.539069 0.001084 0.095424 0.009554 0.193842 -0.263747 -0.119665 0.937306
1305031944.707774 0.025520 0.097432 0.003422 0.160486 -0.201930 -0.107382 0.960176
1305031944.875719 0.029695 0.088852 -0.003010 0.133340 -0.138086 -0.095078 0.976787
1305031945.069177 0.044102 0.068249 -0.002313 0.166863 -0.106221 -0.062880 0.978223
1305031945.207107 0.068172 0.060282 -0.008021 0.240428 -0.125922 -0.051440 0.961089
1305031945.436818 0.099144 0.041994 -0.011480 0.304059 -0.143285 -0.050363 0.940469
1305031945.738673 0.175480 0.039535 0.018375 0.324086 -0.127899 -0.056849 0.935617
1305031945.869258 0.206463 0.053355 0.033475 0.280927 -0.106724 -0.052812 0.952314
1305031945.9693 0.226470 0.055201 0.042559 0.222635 -0.082179 -0.045537 0.970364
1305031946.069057 0.242250 0.061884 0.045717 0.173222 -0.046657 -0.032277 0.983247
1305031946.237369 0.263918 0.072865 0.044044 0.133905 -0.013926 -0.021641 0.990660
1305031946.506586 0.291772 0.126536 -0.009656 0.085977 -0.040744 -0.038437 0.994721
1305031946.969064 0.340127 0.213965 -0.141356 0.065682 -0.015085 -0.034385 0.997134
1305031947.904995 0.626420 0.221121 -0.142030 0.106263 -0.194777 -0.203422 0.953619
1305031948.705075 0.827281 0.087321 0.025360 0.069904 -0.245810 -0.282036 0.924741
1305031948.868835 0.862217 0.061139 0.066932 0.043607 -0.220030 -0.279177 0.933673
1305031949.005006 0.888965 0.046940 0.103041 -0.011405 -0.210992 -0.275690 0.937735
1305031949.137263 0.910742 0.038139 0.142223 -0.073380 -0.206401 -0.290024 0.931611
1305031949.405064 0.950990 0.010466 0.203658 -0.133163 -0.262870 -0.364094 0.883517
1305031949.705003 0.981720 -0.062911 0.219411 -0.077316 -0.337729 -0.400005 0.848503
1305031949.836964 0.986705 -0.093439 0.210361 -0.016902 -0.361101 -0.386149 0.848652
1305031949.936858 0.992743 -0.118146 0.204349 0.037644 -0.381951 -0.369609 0.846219
1305031950.036989 0.995170 -0.147519 0.195350 0.088274 -0.380199 -0.348307 0.852255
1305031950.136997 0.987368 -0.180708 0.188687 0.138315 -0.377613 -0.304954 0.863296
1305031950.237027 0.995238 -0.198269 0.187534 0.218513 -0.385641 -0.249521 0.860972
1305031950.337197 0.998902 -0.214362 0.182085 0.278587 -0.381823 -0.221369 0.852992
1305031950.468976 1.007421 -0.227031 0.176801 0.339467 -0.395585 -0.196387 0.830486
1305031950.837135 1.013223 -0.216432 0.241811 0.269774 -0.398876 -0.212166 0.850356
1305031951.004836 1.027472 -0.221336 0.266754 0.191633 -0.398555 -0.246537 0.862351
1305031951.204914 1.076713 -0.212116 0.296474 0.144408 -0.410861 -0.294798 0.850549
1305031951.36884 1.123564 -0.222197 0.330236 0.104219 -0.420275 -0.375925 0.819261
1305031951.536888 1.175876 -0.237499 0.379401 0.070098 -0.408015 -0.411976 0.811718
1305031951.668929 1.209343 -0.252572 0.426338 0.043029 -0.390826 -0.417258 0.819329
1305031951.804886 1.229859 -0.267263 0.478530 0.007737 -0.366781 -0.422427 0.828835
1305031951.936962 1.238413 -0.282423 0.527149 -0.019928 -0.333774 -0.427054 0.840132
1305031952.536948 1.211480 -0.409139 0.676477 -0.009105 -0.433969 -0.480513 0.762034
1305031952.768957 1.198525 -0.429996 0.695865 0.029654 -0.478300 -0.444284 0.756942
1305031952.90492 1.192343 -0.446818 0.696236 0.051673 -0.544925 -0.428356 0.718956
1305031953.036943 1.200052 -0.469912 0.700743 0.071356 -0.598583 -0.423964 0.675915
1305031953.372964 1.197208 -0.510216 0.692588 -0.110669 0.649110 0.437390 -0.612453
1305031953.972857 1.239720 -0.490320 0.650118 0.019338 -0.599716 -0.421558 0.679893
1305031954.136939 1.251107 -0.479941 0.624361 0.037810 -0.527050 -0.435405 0.728842
1305031955.272905 1.269047 -0.299991 0.351118 0.069938 -0.374752 -0.391630 0.837434
