0.0 0.004498 0.000759 -0.000848 -0.000295 -0.000905 -0.000364 0.999999
32.0 0.062562 0.077874 -0.027924 0.120861 -0.049831 -0.019284 0.991230
52.0 0.088944 0.135661 -0.020331 0.172524 -0.019169 -0.006204 0.984799
66.0 0.128418 0.159595 -0.016081 0.199745 0.018788 0.005985 0.979649
77.0 0.165567 0.167133 -0.019568 0.234840 0.034603 0.009330 0.971373
91.0 0.200760 0.166463 -0.040610 0.262216 0.048937 0.011597 0.963698
115.0 0.227795 0.157868 -0.117792 0.199912 0.061713 0.018881 0.977686
134.0 0.250499 0.122084 -0.138784 0.124042 0.066024 0.026040 0.989736
157.0 0.288668 0.100830 -0.105110 0.082445 0.087672 0.038639 0.991980
175.0 0.332268 0.154366 -0.098116 0.087831 0.099370 0.043094 0.990229
193.0 0.367092 0.206860 -0.099010 0.057804 0.094486 0.044336 0.992857
204.0 0.380310 0.235369 -0.107612 0.057808 0.117980 0.055294 0.989789
215.0 0.385462 0.265463 -0.127126 0.080700 0.151796 0.066847 0.982841
234.0 0.373088 0.305546 -0.165185 0.144382 0.183030 0.066591 0.970165
252.0 0.335645 0.299974 -0.163265 0.191285 0.184464 0.057266 0.962343
267.0 0.289137 0.277315 -0.141079 0.204294 0.180705 0.053540 0.960595
285.0 0.219414 0.256014 -0.111785 0.188646 0.177072 0.055655 0.964345
298.0 0.166344 0.252337 -0.094870 0.171578 0.171121 0.057150 0.968510
314.0 0.113173 0.252936 -0.075899 0.157307 0.155203 0.054434 0.973757
329.0 0.091296 0.248519 -0.054589 0.154065 0.128536 0.045718 0.978597
351.0 0.124805 0.218820 -0.009942 0.157495 0.068148 0.024539 0.984860
371.0 0.165206 0.183211 0.038439 0.169640 0.013927 0.005168 0.985394
397.0 0.122902 0.158642 0.097132 0.200861 -0.015471 -0.004351 0.979488
417.0 0.125577 0.114963 0.135833 0.217082 -0.049561 -0.013913 0.974795
475.0 0.230194 0.054630 0.192935 0.160844 -0.173153 -0.059507 0.969849
493.0 0.292686 0.025062 0.168972 0.100352 -0.228043 -0.094026 0.963890
506.0 0.334924 0.027244 0.157092 0.079677 -0.272397 -0.118794 0.951493
518.0 0.362788 0.037460 0.168478 0.081882 -0.323265 -0.139477 0.932385
531.0 0.376979 0.046173 0.209815 0.111039 -0.400061 -0.156420 0.896189
539.0 0.380325 0.042997 0.237808 0.140366 -0.459115 -0.160033 0.862496
546.0 0.382179 0.032147 0.256183 0.163953 -0.511297 -0.158956 0.828509
554.0 0.384845 0.007552 0.263724 0.175586 -0.560394 -0.160494 0.793328
567.0 0.395009 -0.040823 0.254010 0.160244 -0.602030 -0.179309 0.761400
586.0 0.439169 -0.064510 0.231373 0.107689 -0.594766 -0.222131 0.765058
602.0 0.489542 -0.032865 0.241325 0.100908 -0.621017 -0.235405 0.740770
619.0 0.500360 -0.059252 0.270041 0.091816 -0.679629 -0.259074 0.680114
635.0 0.528650 -0.070002 0.226930 -0.101937 0.701973 0.252083 -0.658252
651.0 0.562922 -0.025179 0.232907 -0.146650 0.724767 0.203527 -0.641704
673.0 0.551591 0.024455 0.278740 -0.187884 0.759955 0.151645 -0.603466
696.0 0.488237 0.018275 0.335896 -0.175707 0.817961 0.147316 -0.527604
710.0 0.452883 -0.015379 0.369517 -0.144510 0.858775 0.171199 -0.460775
723.0 0.436966 -0.057797 0.395167 -0.111099 0.888269 0.205902 -0.395271
737.0 0.445760 -0.090601 0.410335 -0.086711 0.905014 0.236131 -0.343035
754.0 0.494826 -0.085767 0.409196 -0.075390 0.911818 0.251264 -0.315863
772.0 0.550768 -0.071482 0.426227 -0.066619 0.919556 0.260245 -0.286795
787.0 0.567698 -0.083642 0.475970 -0.052208 0.933097 0.271383 -0.230122
799.0 0.558018 -0.094722 0.517427 -0.037653 0.945412 0.278172 -0.165525
811.0 0.527830 -0.092899 0.541673 -0.022800 0.956259 0.276016 -0.094149
836.0 0.441132 -0.072465 0.528567 -0.005687 0.969756 0.243619 -0.013821
876.0 0.407731 -0.177798 0.489804 0.003684 0.966256 0.256433 0.024059
893.0 0.367622 -0.183120 0.518063 0.020781 0.960763 0.259318 0.096210
914.0 0.329640 -0.136593 0.577842 0.016574 0.961818 0.261644 0.078579
928.0 0.320695 -0.105188 0.598043 0.007806 0.959060 0.279398 0.045595
949.0 0.285525 -0.076240 0.564577 0.005321 0.944513 0.325393 0.044561
1007.0 0.286773 -0.143370 0.396093 -0.001326 0.919332 0.393410 0.007428
1029.0 0.259091 -0.187984 0.367890 -0.004860 0.916534 0.398620 -0.032307
1059.0 0.143553 -0.203920 0.348865 -0.003578 0.927020 0.374746 -0.013645
1095.0 0.080939 -0.118172 0.390110 0.008035 0.950629 0.305551 0.053647
1154.0 0.121798 0.060100 0.332117 -0.007953 0.962934 0.268432 -0.025268
1166.0 0.122903 0.076922 0.293795 -0.015600 0.951497 0.299358 -0.069250
1178.0 0.112702 0.084389 0.256613 -0.018399 0.934921 0.337673 -0.107525
1204.0 0.057404 0.058025 0.201277 -0.019814 0.933036 0.339136 -0.118480
1219.0 0.034659 0.011736 0.190400 -0.022335 0.943005 0.312108 -0.113280
1238.0 0.031237 -0.051424 0.179990 -0.023536 0.920795 0.353473 -0.163214
1259.0 0.067494 -0.087006 0.147237 -0.027023 0.897055 0.371689 -0.237506
1278.0 0.125001 -0.089804 0.109248 -0.040823 0.881501 0.347382 -0.317199
1299.0 0.194226 -0.081094 0.088803 -0.040836 0.847500 0.356360 -0.391259
1316.0 0.241501 -0.078032 0.106464 -0.030364 0.822210 0.377396 -0.424996
1334.0 0.287913 -0.076916 0.142983 -0.019521 0.817261 0.399557 -0.414799
1350.0 0.337364 -0.070464 0.166585 -0.017295 0.830627 0.408076 -0.378464
1369.0 0.411391 -0.050415 0.162613 -0.024510 0.847613 0.392796 -0.355896
1391.0 0.483662 -0.017913 0.127104 -0.034530 0.860222 0.368339 -0.350931
1418.0 0.481022 0.017294 0.073691 -0.030714 0.872165 0.374650 -0.313087
1444.0 0.392230 0.033783 0.029445 -0.030742 0.895305 0.363307 -0.255913
1463.0 0.367026 0.037186 -0.010348 -0.036283 0.910673 0.336081 -0.237501
1490.0 0.434344 0.028719 -0.063661 -0.052484 0.905452 0.305211 -0.290256
1510.0 0.471014 0.008223 -0.058832 -0.049699 0.877768 0.329607 -0.344111
1523.0 0.484187 -0.009501 -0.036081 -0.037720 0.853897 0.362367 -0.371655
1535.0 0.490428 -0.028496 -0.004536 -0.022871 0.832853 0.395316 -0.386726
1549.0 0.492226 -0.052807 0.042436 -0.005679 0.813967 0.431682 -0.388685
1567.0 0.488671 -0.085218 0.113481 0.010297 0.803852 0.472300 -0.361452
1584.0 0.482541 -0.114996 0.186236 0.016293 0.808179 0.503528 -0.305025
1602.0 0.476626 -0.143127 0.262474 0.013881 0.821218 0.522369 -0.229215
1649.0 0.464897 -0.189258 0.418390 0.004482 0.841951 0.488868 -0.228269
1660.0 0.446203 -0.197011 0.445750 0.003275 0.835948 0.474946 -0.274967
1671.0 0.420199 -0.203513 0.470157 0.002676 0.826959 0.465275 -0.315674
1685.0 0.378952 -0.210021 0.496542 0.004084 0.814981 0.461542 -0.350383
1706.0 0.306019 -0.215349 0.525965 0.012399 0.802457 0.480083 -0.354159
1724.0 0.239692 -0.213874 0.540757 0.022246 0.799159 0.527966 -0.286535
1732.0 0.210937 -0.211217 0.543992 0.022433 0.799260 0.557791 -0.222598
1738.0 0.189988 -0.208656 0.544981 0.017793 0.799418 0.580150 -0.155051
1743.0 0.173210 -0.205893 0.545041 0.009704 0.799430 0.594684 -0.084668
1748.0 0.157427 -0.202504 0.544214 -0.001856 0.798830 0.601544 -0.003375
1753.0 0.141618 -0.198719 0.542559 -0.014143 0.797393 0.597413 0.084035
1758.0 0.126522 -0.194280 0.540446 -0.023907 0.795392 0.581333 0.169801
1762.0 0.114955 -0.190591 0.538017 -0.028300 0.793365 0.561883 0.232508
1767.0 0.100821 -0.185706 0.534691 -0.028958 0.790886 0.532834 0.299581
1773.0 0.084999 -0.178315 0.531093 -0.023632 0.789175 0.495684 0.361860
1781.0 0.066605 -0.168637 0.524620 -0.011335 0.788568 0.452232 0.416554
1795.0 0.035503 -0.148484 0.505156 0.011191 0.791307 0.400571 0.461791
1827.0 -0.016748 -0.089937 0.440597 0.038435 0.801508 0.351009 0.482598
1883.0 -0.063325 0.030068 0.283453 0.057380 0.734890 0.307288 0.601846
1901.0 -0.070090 0.069789 0.224831 0.070083 0.678602 0.277565 0.676421
1917.0 -0.073644 0.104131 0.170700 0.086989 0.624534 0.245359 0.736335
1937.0 -0.075755 0.143481 0.102728 0.115127 0.565244 0.205656 0.790538
1969.0 -0.075088 0.199104 -0.004373 0.169183 0.518757 0.155411 0.823478
1986.0 -0.074790 0.223187 -0.056032 0.204744 0.529297 0.132946 0.812558
1997.0 -0.075501 0.231322 -0.084553 0.230013 0.557370 0.118284 0.788950
